# Title:                 GRDC STATION DATA FILE
#                        --------------
# Format:                DOS-ASCII
# Date format:           YYYY-MM-DD; YYYY-MM; YYYY; MM
# Field delimiter:       ;
#
# file generation data:  2013-08-26
#
# GRDC-No.:              6335500
# River:                 MAIN
# Station:               WUERZBURG
# Country:               DE
# Latitude (dec. °):       49.796000
# Longitude (de. °):        9.926000
# Catchment area (km²):    14031.000
# Altitude (m.a.s.l):        -999.00
# Next d/s station:      6335302
# Remarks:               
#************************************************************
#
# Data Set Content:      MONTHLY PRIMARY VALUES
#                        ----------------------
# Unit:                  m³/s
# Time series:           1823 - 2010
# No. of years:          188
#
# Consists of 3 tables of statistics based on mean daily discharges
#     - for each single year
#     - for the entire period
#     - for each month over the entire period
#
# Aggregation thresholds:
#    nD = 10 (max. number of missing days allowed to calculate a monthly value)
#    nM = 2  (max. number of missing months allowed for a year to be considered)
#    nY = 5  (min. number of years for aggregation over the entire period)
#
#
# TABLES
#
# For INDIVIDUAL YEARS (n records, one per year)
#   LQ:    lowest monthly discharge of the given year
#   month: associated month of occurrence
#   MQ:    mean discharge of all monthly discharges in the given year
#   HQ:    highest monthly discharge of the given year
#   month: associated month of occurrence
#   n:    number of available values used for MQ calculation
#
year;LQ;month;MQ;;HQ;month;m
1823;  -999.000;00;  -999.000;  -999.000;00;   2
1824;    89.947;09;   149.880;   397.067;11;  12
1825;    38.623;07;   106.420;   218.226;12;  12
1826;    22.227;09;    78.219;   171.193;02;  12
1827;    36.013;08;   117.180;   358.290;03;  12
1828;    63.173;06;   144.611;   342.806;01;  12
1829;    48.665;07;    95.212;   176.433;09;  12
1830;    44.732;12;   113.077;   229.632;03;  12
1831;    45.868;10;   125.570;   381.226;03;  12
1832;    25.255;10;    61.286;   166.584;01;  12
1833;    28.552;07;   105.563;   404.174;12;  12
1834;    30.817;09;    79.892;   383.516;01;  12
1835;    23.027;09;    64.497;   164.290;03;  12
1836;    21.074;08;    75.600;   205.423;03;  12
1837;    48.642;07;   117.277;   248.832;12;  12
1838;    40.626;10;    99.699;   299.226;03;  12
1839;    34.530;11;   125.174;   250.364;02;  12
1840;    41.490;07;   100.042;   209.539;01;  12
1841;    40.068;05;   106.779;   284.710;03;  12
1842;    28.848;08;    76.078;   274.290;03;  12
1843;    48.403;09;   129.270;   221.893;02;  12
1844;    68.863;09;   129.836;   393.452;03;  12
1845;    42.500;02;   117.957;   283.033;04;  12
1846;    34.877;09;   127.101;   350.286;02;  12
1847;    48.677;06;   109.516;   249.771;02;  12
1848;    22.565;08;    81.531;   228.806;03;  12
1849;    30.555;07;    78.079;   142.961;01;  12
1850;    41.227;09;   113.327;   382.107;02;  12
1851;    84.879;02;   154.462;   237.633;04;  12
1852;    48.010;08;   116.760;   326.172;02;  12
1853;    37.665;12;   102.404;   181.767;04;  12
1854;    35.027;09;   108.788;   343.194;12;  12
1855;    53.713;09;   112.604;   313.710;03;  12
1856;    47.294;08;   108.299;   203.103;02;  12
1857;    25.803;07;    55.415;   116.400;01;  12
1858;    25.718;02;    56.982;    98.113;12;  12
1859;    21.355;08;    68.327;   153.660;04;  12
1860;    56.552;07;   118.162;   275.567;04;  12
1861;    36.406;08;    92.586;   216.645;03;  12
1862;    34.300;09;    80.181;   266.750;02;  12
1863;    27.971;08;    69.977;   118.590;01;  12
1864;    31.045;10;    59.354;   116.948;02;  12
1865;    22.819;10;    71.533;   247.273;04;  12
1866;    36.055;10;    83.373;   167.989;02;  12
1867;    39.293;09;   136.458;   323.286;02;  12
1868;    29.720;09;    94.033;   188.032;03;  12
1869;    31.117;09;   101.901;   292.484;12;  12
1870;    34.839;07;   114.268;   222.403;12;  12
1871;    37.829;12;   111.238;   215.696;02;  12
1872;    35.323;09;    71.415;   147.845;12;  12
1873;    48.806;08;    87.206;   190.710;03;  12
1874;    33.029;10;    60.745;   131.755;05;  12
1875;    40.420;09;   108.728;   195.945;12;  12
1876;    18.306;08;   121.792;   438.581;03;  12
1877;    19.761;10;   106.271;   369.643;02;  12
1878;    73.923;07;   148.093;   335.903;03;  12
1879;    75.343;09;   164.111;   273.129;03;  12
1880;    52.817;09;   142.524;   327.452;12;  12
1881;    59.168;07;   128.099;   348.484;03;  12
1882;    68.160;06;   146.826;   309.567;11;  12
1883;    54.340;09;   119.533;   272.097;01;  12
1884;    38.074;07;    89.654;   207.532;12;  12
1885;    26.684;08;    83.562;   187.181;03;  12
1886;    46.733;09;    95.546;   161.677;12;  12
1887;    28.677;08;    85.654;   194.726;03;  12
1888;    67.357;09;   121.232;   267.074;03;  12
1889;    50.500;01;   112.048;   255.867;04;  12
1890;    53.310;06;   107.336;   235.465;01;  12
1891;    44.827;09;    92.229;   151.629;03;  12
1892;    29.394;08;    85.262;   273.793;02;  12
1893;    20.416;07;    78.111;   308.643;02;  12
1894;    36.419;07;    95.892;   156.342;10;  12
1895;    34.577;09;   117.075;   272.577;03;  12
1896;    59.523;12;   106.638;   207.881;03;  12
1897;    33.526;07;    99.827;   285.346;02;  12
1898;    26.190;09;    84.053;   172.682;02;  12
1899;    18.723;08;    60.035;   142.074;01;  12
1900;    25.133;09;    98.032;   211.393;02;  12
1901;    52.516;07;   129.823;   276.968;03;  12
1902;    44.300;09;   114.162;   292.323;01;  12
1903;    34.194;07;    79.481;   207.871;01;  12
1904;    29.387;08;    78.026;   238.103;02;  12
1905;    32.774;07;    91.401;   182.581;03;  12
1906;    57.800;09;   110.517;   316.968;03;  12
1907;    38.700;11;    93.507;   239.194;03;  12
1908;    41.613;10;    81.186;   154.241;02;  12
1909;    45.500;06;    94.063;   189.097;12;  12
1910;    65.806;10;   131.381;   204.645;12;  12
1911;    31.452;08;    81.510;   190.935;03;  12
1912;    51.516;07;   101.204;   172.600;11;  12
1913;    55.129;10;   107.074;   174.214;02;  12
1914;    81.774;10;   128.966;   353.806;03;  12
1915;    50.567;09;   129.591;   327.871;01;  12
1916;    53.387;08;   119.759;   269.710;01;  12
1917;    43.484;07;    98.946;   270.000;01;  12
1918;    39.800;06;    76.887;   194.903;01;  12
1919;    39.000;08;   106.629;   254.419;12;  12
1920;    43.500;11;   102.832;   366.452;01;  12
1921;    29.600;09;    53.241;   150.355;01;  12
1922;    48.581;07;   123.875;   287.613;12;  12
1923;    44.567;09;   132.164;   309.143;02;  12
1924;    75.774;07;   156.983;   254.400;11;  12
1925;    48.806;07;   107.657;   189.679;02;  12
1926;    73.033;09;   151.794;   308.677;01;  12
1927;    99.367;06;   148.246;   260.167;04;  12
1928;    42.967;09;   110.091;   295.103;02;  12
1929;    32.233;09;    71.186;   154.129;03;  12
1930;    44.419;07;   114.249;   302.233;11;  12
1931;    78.033;06;   124.845;   232.839;01;  12
1932;    51.233;09;   104.329;   255.000;01;  12
1933;    45.000;12;    79.744;   141.929;02;  12
1934;    23.516;07;    55.208;    96.968;03;  12
1935;    44.355;08;   121.264;   274.536;02;  12
1936;    83.867;09;   156.893;   236.968;01;  12
1937;    62.967;09;   154.972;   401.357;02;  12
1938;    46.935;08;    79.944;   164.032;01;  12
1939;    52.387;08;   137.704;   277.129;12;  12
1940;    82.613;05;   165.232;   387.355;03;  12
1941;   104.200;09;   216.192;   324.419;03;  12
1942;    50.400;09;   117.190;   283.645;03;  12
1943;    42.774;08;    65.312;   134.286;02;  12
1944;    58.467;09;   125.499;   241.355;12;  12
1945;    61.355;10;   122.110;   373.214;02;  12
1946;    56.935;08;   113.058;   351.821;02;  12
1947;    36.933;09;    89.832;   326.419;03;  12
1948;    44.161;12;   117.933;   366.516;01;  12
1949;    37.226;08;    57.120;    98.548;03;  12
1950;    41.161;07;    79.962;   149.633;11;  12
1951;    43.613;10;    84.107;   181.032;01;  12
1952;    41.516;08;   127.922;   261.710;12;  12
1953;    37.613;12;    76.451;   202.750;02;  12
1954;    37.200;06;    62.427;   128.323;12;  12
1955;    53.667;11;   107.527;   192.290;01;  12
1956;    78.452;05;   128.256;   240.677;03;  12
1957;    41.194;07;   108.083;   267.714;02;  12
1958;    62.867;09;   123.576;   267.286;02;  12
1959;    26.933;09;    63.421;   178.903;01;  12
1960;    23.355;07;    76.213;   145.452;12;  12
1961;    47.839;10;   118.772;   300.893;02;  12
1962;    34.677;10;    89.565;   228.033;04;  12
1963;    32.393;02;    67.410;   165.613;03;  12
1964;    15.806;07;    42.414;    80.586;02;  12
1965;    49.871;10;   152.775;   329.452;12;  12
1966;    91.500;09;   175.832;   370.258;12;  12
1967;    54.613;08;   130.240;   283.774;01;  12
1968;    49.903;07;   129.744;   264.903;01;  12
1969;    45.032;10;   108.946;   201.548;03;  12
1970;    56.067;09;   156.947;   338.967;04;  12
1971;    37.033;09;    75.929;   134.533;06;  12
1972;    39.133;09;    63.853;   101.867;04;  12
1973;    25.700;09;    70.314;   126.733;04;  12
1974;    38.533;09;   111.341;   354.839;12;  12
1975;    41.935;10;    90.792;   217.548;01;  12
1976;    25.065;08;    59.616;   204.871;01;  12
1977;    48.097;07;    97.131;   223.464;02;  12
1978;    62.267;11;   106.533;   187.871;03;  12
1979;    46.484;10;   125.612;   277.548;03;  12
1980;    74.167;09;   130.124;   313.414;02;  12
1981;    60.367;09;   157.776;   308.871;12;  12
1982;    44.600;09;   131.066;   347.710;01;  12
1983;    49.710;10;   124.700;   318.900;04;  12
1984;    66.484;08;   121.742;   215.467;06;  12
1985;    43.226;10;    79.828;   135.321;02;  12
1986;    56.613;08;   117.779;   241.968;01;  12
1987;    76.435;10;   175.830;   338.548;03;  12
1988;    61.465;08;   181.010;   500.774;03;  12
1989;    50.940;09;   107.012;   175.426;12;  12
1990;    40.397;08;    97.717;   204.971;03;  12
1991;    36.826;10;    77.333;   208.187;01;  12
1992;    43.706;08;    86.024;   139.984;03;  12
1993;    45.748;08;    92.366;   265.174;12;  12
1994;    54.197;08;   128.531;   278.133;04;  12
1995;    77.519;08;   162.985;   309.613;01;  12
1996;    64.687;09;    98.557;   131.133;11;  12
1997;    52.660;11;   108.979;   249.484;03;  12
1998;    49.777;08;   137.599;   418.533;11;  12
1999;    64.563;09;   144.925;   292.548;03;  12
2000;    69.903;06;   122.356;   256.452;03;  12
2001;    63.161;08;   144.156;   334.387;03;  12
2002;    71.513;09;   196.066;   413.143;02;  12
2003;    46.603;08;   115.894;   394.258;01;  12
2004;    60.187;08;   103.133;   161.724;02;  12
2005;    62.950;11;   118.216;   244.000;02;  12
2006;    68.080;09;   129.372;   257.800;04;  12
2007;   102.200;04;   159.074;   248.893;02;  12
2008;    73.700;08;   141.157;   296.000;03;  12
2009;    70.261;08;   134.681;   327.677;03;  12
2010;    84.287;07;   167.194;   293.097;12;  12
#
#
# For ENTIRE PERIOD
# Calculated only from years with less than 2 months missing
#
#   LQ:   lowest monthly discharge from the entire period
#   MQ_1: mean discharge of all monthly discharges in the period [m³/s]
#   MQ_2: mean discharge volume per year of all monthly discharges in the period [km³/a]
#   MQ_3: mean runoff per year of all monthly discharges in the period [mm/a]
#   HQ:   highest monthly discharge from the entire periode
#   n:    number of available months used for MQ calculation
#
LQ;MQ_1;MQ_2;MQ_3;HQ;n
    15.806;   108.518;     3.422;       244;   500.774; 2246
#
#
# For EACH MONTH of the year (12 records covering max. n years)
# Calculated only for months with <= 10 missing days
#
#   month: month (1=January)
#   LQ:    lowest monthly discharge of the given month in the entire period
#   year:  associated year of occurrence (only the first occurence is listed)
#   MQ:    mean discharge from all monthly discharges of the given month in the entire period
#   HQ:    highest monthly discharge of the given month in the entire period
#   year:  associated year of occurrence (only the first occurence is listed)
#   std:   standard deviation of all monthly discharges of the given month in the entire period
#   n:     number of available daily values used for computation
#
month;LQ;year;MQ;HQ;year;std;n
01;    32.271;1858;   152.129;   394.258;2003;    78.037;  187
02;    25.718;1858;   166.633;   413.143;2002;    82.271;  187
03;    45.006;1899;   177.806;   500.774;1988;    85.289;  187
04;    45.233;1921;   137.405;   393.600;1988;    64.039;  187
05;    28.639;1893;    91.427;   239.710;1924;    36.901;  187
06;    24.300;1893;    80.821;   239.800;1987;    39.813;  187
07;    15.806;1964;    69.802;   237.613;1926;    38.165;  187
08;    16.871;1964;    62.171;   198.258;2010;    30.975;  187
09;    20.267;1964;    61.585;   210.667;1924;    32.450;  187
10;    19.761;1877;    71.795;   228.613;1851;    39.243;  187
11;    30.943;1857;    98.333;   418.533;1998;    63.969;  188
12;    28.032;1899;   132.231;   404.174;1833;    76.641;  188
